time_points_up = 1000
time_range_up = [ 0, 20,]
time_points_down = 1000
time_range_down = [ 0, 10,]
parameter_points = 2000
parameter_range = [ -2, 3,]
optimum_normal = 0.0
optimum_treatment = 1.0
abc_limits_shape = [ 0.0, 50.0,]
abc_limits_center = [ 0.1, 0.9,]
abc_limits_width = [ 0.1, 3.0,]
abc_limits_noise_sigma = [ 0.01, 5.0,]
abc_limits_normal_maximum_rate = [ 0.0, 3.0,]
abc_limits_maximum_rate_ratio = [ 0.01, 1.0,]
abc_min_epsilon = 0.1
abc_max_populations = 15
abc_min_acceptance = 0.0
abc_parallel_simulations = 1
abc_initial_population_size = 1000
mpi_simulations_per_time_point = 1000
mpi_cores_per_node = 2
mpi_max_population_size = 2000
mpi_death_rate = 0.1
mpi_max_time = 100000
mpi_noise_function_sigma = 0.6181551325310957
mpi_rate_function_center = 0.9962864327963825
mpi_rate_function_shape = 22.41992721348301
mpi_rate_function_width = 2.9252977195304126
mpi_rng_seeds = [ -410459400, -472080376, -805179629, -882017551, -331370087, -908124846, 646015326, -964111010, 439929541, 161360837, -534430387, 836295562, -138685335, 441696706, 188123884, -123963162, 30698240, -636703487, -481922649, 457537518, -9348777, -778109723, 702534908, 996781431, -32085284, -197446236, -545896290, 613436952, -442549103, -649724947, 119393142, -672397822, -978488701, -391300404, 351934815, 633075269, 828362502, -144265536, -495763892, 595031749, -241303837, 560886347, 487690087, -204940421, -843635349, -529632298, 607677142, 704446845, 890701556, -884580515, -815174139, 367676497, -746097196, 879314320, 990470354, -975567939, 736827896, 930005298, 821648834, 766758043, -382566636, -330206137, -22226703, 285613002, -350019686, 488084970, -76024637, 690894012, -23945318, -605625095, 664966745, 399684019, -498898591, 979951125, -226067189, -334165991, 874389204, 445971542, 751759338, -512100712, -214158055, 285167385, 660800335, -548994653, 499445296, -467676194, 991377668, 133407206, 960287623, 549501621, 993297824, 979658277, 908157339, 488086365, -718215902, 178428764, -623090801, -911953695, 893575884, -232891050, -72685682, 735282508, -609015989, -758915371, 863354109, 914970077, 666064973, 173814110, 834755174, -894636894, -94326837, 876444033, -628640131, -510903008, 826992700, -370243306, -303462002, -818398988, -686387960, -43621969, -811160839, 59393364, -974712124, -741590036, 604556198, -816300221, -142433117, 27288860,]
